RUNNING THE L-BFGS-B CODE

it    = iteration number
nf    = number of function evaluations
nseg  = number of segments explored during the Cauchy search
nact  = number of active bounds at the generalized Cauchy point
sub   = manner in which the subspace minimization terminated:
        con = converged, bnd = a bound was reached
itls  = number of iterations performed in the line search
stepl = step length used
tstep = norm of the displacement (total step)
projg = norm of the projected gradient
f     = function value

           * * *

Machine precision = 2.220D-16
 N =         3289     M =           10

   it   nf  nseg  nact  sub  itls  stepl    tstep     projg        f
    0    1     -     -   -     -     -        -     2.940D+00  1.010D+02
    1    2     1     0  ---    0  2.7D-02  1.0D+00  2.878D+00  6.691D+01
    2    3     0     0  con    0  1.0D+00  8.5D+00  1.768D-01  2.191D+00
    3    4     0     0  con    0  1.0D+00  3.2D-01  8.678D-02  1.829D+00
    4    5     0     0  con    0  1.0D+00  6.1D-01  3.724D-02  1.450D+00
    5    6     0     0  con    0  1.0D+00  5.0D-01  2.993D-02  1.291D+00
    6    7     0     0  con    0  1.0D+00  6.0D-01  2.989D-02  1.178D+00
    7    8     0     0  con    0  1.0D+00  6.7D-01  2.981D-02  1.093D+00
    8    9     0     0  con    0  1.0D+00  8.7D-01  2.947D-02  1.006D+00
    9   10     0     0  con    0  1.0D+00  1.5D+00  2.769D-02  9.262D-01
   10   11     0     0  con    0  1.0D+00  6.9D-01  2.641D-02  8.455D-01
   11   12     0     0  con    0  1.0D+00  5.2D-01  2.565D-02  7.789D-01
   12   13     0     0  con    0  1.0D+00  7.2D-01  2.444D-02  6.729D-01
   13   14     0     0  con    0  1.0D+00  7.0D-01  1.958D-02  6.191D-01
   14   15     0     0  con    0  1.0D+00  4.3D-01  7.867D-03  5.840D-01
   15   16     0     0  con    0  1.0D+00  1.6D-01  1.731D-03  5.788D-01
   16   17     0     0  con    0  1.0D+00  4.0D-02  7.919D-04  5.786D-01
   17   18     0     0  con    0  1.0D+00  1.6D-02  6.265D-04  5.785D-01
   18   19     0     0  con    0  1.0D+00  3.6D-02  6.378D-04  5.784D-01
   19   20     0     0  con    0  1.0D+00  1.4D-01  1.318D-03  5.780D-01
   20   21     0     0  con    0  1.0D+00  2.2D-01  2.070D-03  5.774D-01
   21   22     0     0  con    0  1.0D+00  6.6D-01  4.418D-03  5.762D-01
   22   23     0     0  con    0  1.0D+00  9.2D-01  6.419D-03  5.739D-01
   23   24     0     0  con    0  1.0D+00  2.6D+00  8.877D-03  5.673D-01
   24   25     0     0  con    0  1.0D+00  7.0D+00  1.123D-02  5.543D-01
   25   26     0     0  con    0  1.0D+00  7.4D+00  1.629D-02  5.408D-01
   26   27     0     0  con    0  1.0D+00  5.0D+00  5.195D-03  5.280D-01
   27   28     0     0  con    0  1.0D+00  2.1D+00  4.688D-03  5.254D-01
   28   29     0     0  con    0  1.0D+00  5.6D-01  1.140D-03  5.248D-01
   29   30     0     0  con    0  1.0D+00  4.1D-01  2.702D-04  5.247D-01
   30   31     0     0  con    0  1.0D+00  1.7D-02  2.793D-04  5.247D-01
   31   32     0     0  con    0  1.0D+00  9.6D-02  2.348D-04  5.246D-01
   32   33     0     0  con    0  1.0D+00  5.8D-01  5.540D-04  5.245D-01
   33   34     0     0  con    0  1.0D+00  5.0D-01  9.362D-04  5.242D-01
   34   35     0     0  con    0  1.0D+00  1.1D+00  1.934D-03  5.235D-01
   35   36     0     0  con    0  1.0D+00  2.1D+00  3.742D-03  5.223D-01
   36   37     0     0  con    0  1.0D+00  2.0D+00  4.907D-03  5.200D-01
   37   38     0     0  con    0  1.0D+00  6.4D+00  6.494D-03  5.140D-01
   38   39     0     0  con    0  1.0D+00  2.6D+00  4.919D-03  5.105D-01
   39   40     0     0  con    0  1.0D+00  1.3D+00  2.102D-03  5.071D-01
   40   41     0     0  con    0  1.0D+00  8.4D-01  2.422D-03  5.066D-01
   41   42     0     0  con    0  1.0D+00  3.6D-01  4.302D-04  5.063D-01
   42   43     0     0  con    0  1.0D+00  9.2D-01  6.165D-04  5.062D-01
   43   44     0     0  con    0  1.0D+00  2.0D-01  3.023D-04  5.061D-01
   44   45     0     0  con    0  1.0D+00  1.9D-01  3.501D-04  5.061D-01
   45   46     0     0  con    0  1.0D+00  3.0D-01  3.730D-04  5.061D-01
   46   47     0     0  con    0  1.0D+00  3.9D-01  7.400D-04  5.060D-01
   47   48     0     0  con    0  1.0D+00  8.0D-01  9.099D-04  5.057D-01
   48   49     0     0  con    0  1.0D+00  1.1D+00  1.236D-03  5.053D-01
   49   50     0     0  con    0  1.0D+00  1.4D+00  2.612D-03  5.042D-01
   50   51     0     0  con    0  1.0D+00  4.2D+00  4.130D-03  5.016D-01
   51   52     0     0  con    0  1.0D+00  2.5D+00  7.066D-03  4.987D-01
   52   53     0     0  con    0  1.0D+00  2.9D+00  3.259D-03  4.954D-01
   53   54     0     0  con    0  1.0D+00  2.9D+00  4.062D-03  4.937D-01
   54   55     0     0  con    0  1.0D+00  1.2D+00  2.369D-03  4.927D-01
   55   56     0     0  con    0  1.0D+00  4.5D-01  1.353D-03  4.922D-01
   56   57     0     0  con    0  1.0D+00  3.9D-01  3.745D-04  4.920D-01
   57   58     0     0  con    0  1.0D+00  2.5D-01  3.769D-04  4.920D-01
   58   59     0     0  con    0  1.0D+00  9.0D-02  3.428D-04  4.919D-01
   59   60     0     0  con    0  1.0D+00  1.5D-01  5.757D-04  4.919D-01
   60   61     0     0  con    0  1.0D+00  2.4D-01  7.804D-04  4.917D-01
   61   62     0     0  con    0  1.0D+00  4.9D-01  1.377D-03  4.914D-01
   62   63     0     0  con    0  1.0D+00  1.2D+00  1.973D-03  4.910D-01
   63   64     0     0  con    0  1.0D+00  8.9D-01  2.035D-03  4.903D-01
   64   65     0     0  con    0  1.0D+00  1.1D+00  1.520D-03  4.896D-01
   65   66     0     0  con    0  1.0D+00  9.2D-01  1.094D-03  4.892D-01
   66   67     0     0  con    0  1.0D+00  6.0D-01  1.018D-03  4.891D-01
   67   68     0     0  con    0  1.0D+00  1.4D-01  9.587D-04  4.890D-01
   68   69     0     0  con    0  1.0D+00  2.3D-01  8.873D-04  4.889D-01
   69   70     0     0  con    0  1.0D+00  3.0D-01  7.003D-04  4.888D-01
   70   71     0     0  con    0  1.0D+00  5.4D-01  7.243D-04  4.886D-01
   71   72     0     0  con    0  1.0D+00  9.0D-01  1.401D-03  4.886D-01
   72   73     0     0  con    0  1.0D+00  1.1D-01  9.375D-04  4.884D-01
   73   74     0     0  con    0  1.0D+00  1.9D-01  7.152D-04  4.882D-01
   74   75     0     0  con    0  1.0D+00  5.5D-01  8.768D-04  4.880D-01
   75   76     0     0  con    0  1.0D+00  5.5D-01  1.330D-03  4.877D-01
   76   77     0     0  con    0  1.0D+00  1.5D+00  2.291D-03  4.875D-01
   77   78     0     0  con    0  1.0D+00  2.2D-01  2.013D-03  4.869D-01
   78   79     0     0  con    0  1.0D+00  3.9D-01  1.634D-03  4.864D-01
   79   80     0     0  con    0  1.0D+00  8.0D-01  1.886D-03  4.858D-01
   80   81     0     0  con    0  1.0D+00  1.4D+00  2.403D-03  4.851D-01
   81   82     0     0  con    0  1.0D+00  1.5D+00  2.201D-03  4.844D-01
   82   83     0     0  con    0  1.0D+00  4.3D-01  9.029D-04  4.841D-01
   83   84     0     0  con    0  1.0D+00  2.3D-01  3.574D-04  4.840D-01
   84   85     0     0  con    0  1.0D+00  9.3D-02  1.548D-04  4.840D-01
   85   86     0     0  con    0  1.0D+00  8.7D-02  3.004D-04  4.839D-01
   86   87     0     0  con    0  1.0D+00  9.7D-02  4.430D-04  4.839D-01
   87   88     0     0  con    0  1.0D+00  2.3D-01  8.379D-04  4.838D-01
   88   89     0     0  con    0  1.0D+00  4.4D-01  1.241D-03  4.836D-01
   89   90     0     0  con    0  1.0D+00  1.0D+00  2.118D-03  4.834D-01
   90   91     0     0  con    0  1.0D+00  3.2D-01  1.739D-03  4.830D-01
   91   92     0     0  con    0  1.0D+00  5.0D-01  1.073D-03  4.826D-01
   92   93     0     0  con    0  1.0D+00  5.3D-01  1.031D-03  4.823D-01
   93   94     0     0  con    0  1.0D+00  6.0D-01  1.066D-03  4.821D-01
   94   96     0     0  con    1  4.8D-01  3.8D-01  1.344D-03  4.820D-01
   95   97     0     0  con    0  1.0D+00  3.4D-01  1.314D-03  4.819D-01
   96   98     0     0  con    0  1.0D+00  4.5D-01  1.389D-03  4.817D-01
   97   99     0     0  con    0  1.0D+00  7.9D-01  1.216D-03  4.815D-01
   98  100     0     0  con    0  1.0D+00  1.0D+00  1.198D-03  4.812D-01
   99  102     0     0  con    1  4.5D-01  4.4D-01  1.171D-03  4.811D-01
  100  103     0     0  con    0  1.0D+00  1.2D-01  6.799D-04  4.810D-01
  101  104     0     0  con    0  1.0D+00  2.7D-01  8.859D-04  4.808D-01
  102  105     0     0  con    0  1.0D+00  3.2D-01  1.078D-03  4.807D-01
  103  106     0     0  con    0  1.0D+00  8.9D-01  2.266D-03  4.804D-01
  104  107     0     0  con    0  1.0D+00  9.2D-01  2.249D-03  4.803D-01
  105  108     0     0  con    0  1.0D+00  5.8D-02  1.028D-03  4.801D-01
  106  109     0     0  con    0  1.0D+00  1.2D-01  4.407D-04  4.800D-01
  107  110     0     0  con    0  1.0D+00  1.0D-01  2.960D-04  4.800D-01
  108  111     0     0  con    0  1.0D+00  2.9D-01  7.789D-04  4.799D-01
  109  112     0     0  con    0  1.0D+00  3.8D-01  1.047D-03  4.797D-01
  110  113     0     0  con    0  1.0D+00  5.2D-01  1.155D-03  4.796D-01
  111  114     0     0  con    0  1.0D+00  7.7D-01  8.704D-04  4.794D-01
  112  115     0     0  con    0  1.0D+00  1.4D-01  3.442D-04  4.794D-01
  113  116     0     0  con    0  1.0D+00  1.3D-01  2.780D-04  4.793D-01
  114  117     0     0  con    0  1.0D+00  7.4D-02  3.416D-04  4.793D-01
  115  118     0     0  con    0  1.0D+00  1.5D-01  8.487D-04  4.792D-01
  116  119     0     0  con    0  1.0D+00  2.7D-01  1.375D-03  4.791D-01
  117  120     0     0  con    0  1.0D+00  5.6D-01  2.001D-03  4.789D-01
  118  121     0     0  con    0  1.0D+00  1.9D+00  2.781D-03  4.783D-01
  119  122     0     0  con    0  1.0D+00  2.5D+00  3.003D-03  4.777D-01
  120  123     0     0  con    0  1.0D+00  1.9D-01  1.748D-03  4.770D-01
  121  124     0     0  con    0  1.0D+00  4.0D-01  2.535D-04  4.766D-01
  122  125     0     0  con    0  1.0D+00  2.0D-01  3.831D-04  4.766D-01
  123  126     0     0  con    0  1.0D+00  5.4D-02  4.414D-04  4.766D-01
  124  127     0     0  con    0  1.0D+00  1.9D-01  5.500D-04  4.765D-01
  125  128     0     0  con    0  1.0D+00  3.0D-01  9.637D-04  4.764D-01
  126  129     0     0  con    0  1.0D+00  6.3D-01  1.163D-03  4.761D-01
  127  131     0     0  con    1  3.8D-01  4.8D-01  2.004D-03  4.760D-01
  128  132     0     0  con    0  1.0D+00  6.5D-01  1.114D-03  4.757D-01
  129  133     0     0  con    0  1.0D+00  3.9D-01  3.922D-04  4.755D-01
  130  134     0     0  con    0  1.0D+00  6.5D-02  3.726D-04  4.755D-01
  131  135     0     0  con    0  1.0D+00  4.6D-02  2.423D-04  4.755D-01
  132  136     0     0  con    0  1.0D+00  7.8D-02  3.582D-04  4.755D-01
  133  137     0     0  con    0  1.0D+00  1.1D-01  6.173D-04  4.754D-01
  134  138     0     0  con    0  1.0D+00  2.3D-01  1.006D-03  4.753D-01
  135  139     0     0  con    0  1.0D+00  4.1D-01  1.345D-03  4.751D-01
  136  140     0     0  con    0  1.0D+00  8.1D-01  1.597D-03  4.748D-01
  137  141     0     0  con    0  1.0D+00  1.1D+00  1.316D-03  4.745D-01
  138  142     0     0  con    0  1.0D+00  2.7D-01  6.558D-04  4.743D-01
  139  143     0     0  con    0  1.0D+00  1.9D-01  4.595D-04  4.742D-01
  140  144     0     0  con    0  1.0D+00  1.3D-01  4.916D-04  4.742D-01
  141  145     0     0  con    0  1.0D+00  1.3D-01  4.624D-04  4.742D-01
  142  146     0     0  con    0  1.0D+00  3.1D-01  5.955D-04  4.741D-01
  143  147     0     0  con    0  1.0D+00  3.6D-01  6.455D-04  4.741D-01
  144  148     0     0  con    0  1.0D+00  3.5D-01  6.881D-04  4.740D-01
  145  149     0     0  con    0  1.0D+00  8.6D-01  6.022D-04  4.739D-01
  146  150     0     0  con    0  1.0D+00  2.9D-01  6.113D-04  4.739D-01
  147  151     0     0  con    0  1.0D+00  1.9D-01  4.221D-04  4.738D-01
  148  152     0     0  con    0  1.0D+00  8.9D-02  3.200D-04  4.738D-01
  149  153     0     0  con    0  1.0D+00  1.4D-01  4.365D-04  4.737D-01
  150  154     0     0  con    0  1.0D+00  2.7D-01  8.847D-04  4.736D-01
  151  155     0     0  con    0  1.0D+00  8.1D-01  1.153D-03  4.733D-01
  152  156     0     0  con    0  1.0D+00  1.3D+00  1.593D-03  4.730D-01
  153  157     0     0  con    0  1.0D+00  9.9D-01  1.511D-03  4.726D-01
  154  158     0     0  con    0  1.0D+00  1.1D+00  9.436D-04  4.722D-01
  155  159     0     0  con    0  1.0D+00  2.7D-01  9.233D-04  4.720D-01
  156  160     0     0  con    0  1.0D+00  2.9D-01  1.060D-03  4.719D-01
  157  161     0     0  con    0  1.0D+00  5.9D-01  1.150D-03  4.717D-01
  158  162     0     0  con    0  1.0D+00  2.0D-01  1.123D-03  4.716D-01
  159  163     0     0  con    0  1.0D+00  1.2D-01  9.190D-04  4.715D-01
  160  164     0     0  con    0  1.0D+00  3.9D-01  4.792D-04  4.714D-01
  161  165     0     0  con    0  1.0D+00  7.5D-01  7.854D-04  4.712D-01
  162  166     0     0  con    0  1.0D+00  9.2D-01  1.001D-03  4.711D-01
  163  167     0     0  con    0  1.0D+00  2.3D-01  6.904D-04  4.710D-01
  164  168     0     0  con    0  1.0D+00  1.6D-01  5.100D-04  4.709D-01
  165  169     0     0  con    0  1.0D+00  1.8D-01  4.183D-04  4.709D-01
  166  170     0     0  con    0  1.0D+00  5.9D-01  3.802D-04  4.708D-01
  167  171     0     0  con    0  1.0D+00  4.6D-01  5.753D-04  4.708D-01
  168  172     0     0  con    0  1.0D+00  1.0D-01  1.794D-04  4.707D-01
  169  173     0     0  con    0  1.0D+00  3.7D-02  1.544D-04  4.707D-01
  170  174     0     0  con    0  1.0D+00  7.5D-02  2.406D-04  4.707D-01
  171  175     0     0  con    0  1.0D+00  1.5D-01  3.524D-04  4.707D-01
  172  176     0     0  con    0  1.0D+00  3.0D-01  6.605D-04  4.706D-01
  173  177     0     0  con    0  1.0D+00  2.3D-01  7.154D-04  4.706D-01
  174  178     0     0  con    0  1.0D+00  2.7D-01  7.431D-04  4.705D-01
  175  179     0     0  con    0  1.0D+00  2.8D-01  8.243D-04  4.704D-01
  176  180     0     0  con    0  1.0D+00  2.2D-01  9.177D-04  4.703D-01
  177  181     0     0  con    0  1.0D+00  3.9D-01  9.820D-04  4.702D-01
  178  182     0     0  con    0  1.0D+00  3.9D-01  1.088D-03  4.701D-01
  179  183     0     0  con    0  1.0D+00  7.7D-02  9.858D-04  4.700D-01
  180  184     0     0  con    0  1.0D+00  2.5D-01  6.633D-04  4.698D-01
  181  185     0     0  con    0  1.0D+00  4.8D-01  1.458D-03  4.696D-01
  182  186     0     0  con    0  1.0D+00  9.6D-01  1.942D-03  4.693D-01
  183  187     0     0  con    0  1.0D+00  1.1D+00  1.551D-03  4.691D-01
  184  188     0     0  con    0  1.0D+00  6.4D-01  1.461D-03  4.688D-01
  185  189     0     0  con    0  1.0D+00  6.3D-02  1.170D-03  4.687D-01
  186  190     0     0  con    0  1.0D+00  2.4D-01  7.441D-04  4.686D-01
  187  191     0     0  con    0  1.0D+00  4.2D-01  6.975D-04  4.685D-01
  188  193     0     0  con    1  4.7D-01  4.4D-01  7.288D-04  4.684D-01
  189  194     0     0  con    0  1.0D+00  5.2D-01  4.350D-04  4.684D-01
  190  195     0     0  con    0  1.0D+00  1.3D-01  2.853D-04  4.683D-01
  191  196     0     0  con    0  1.0D+00  2.9D-01  2.602D-04  4.683D-01
  192  197     0     0  con    0  1.0D+00  3.8D-01  5.059D-04  4.683D-01
  193  198     0     0  con    0  1.0D+00  1.9D-01  3.785D-04  4.682D-01
  194  199     0     0  con    0  1.0D+00  1.9D-01  2.815D-04  4.682D-01
  195  200     0     0  con    0  1.0D+00  1.6D-01  1.957D-04  4.682D-01
  196  202     0     0  con    1  4.8D-01  1.3D-01  3.984D-04  4.682D-01
  197  203     0     0  con    0  1.0D+00  1.3D-01  2.803D-04  4.682D-01
  198  204     0     0  con    0  1.0D+00  1.7D-01  3.989D-04  4.681D-01
  199  205     0     0  con    0  1.0D+00  2.3D-01  6.381D-04  4.681D-01
  200  206     0     0  con    0  1.0D+00  4.8D-01  9.626D-04  4.680D-01
  201  207     0     0  con    0  1.0D+00  1.1D+00  1.389D-03  4.678D-01
  202  208     0     0  con    0  1.0D+00  1.7D+00  1.519D-03  4.675D-01
  203  209     0     0  con    0  1.0D+00  9.8D-01  8.264D-04  4.673D-01
  204  210     0     0  con    0  1.0D+00  1.8D-01  3.982D-04  4.672D-01
  205  211     0     0  con    0  1.0D+00  9.8D-02  3.721D-04  4.671D-01
  206  212     0     0  con    0  1.0D+00  1.4D-01  3.650D-04  4.671D-01
  207  213     0     0  con    0  1.0D+00  7.5D-01  5.989D-04  4.670D-01
  208  214     0     0  con    0  1.0D+00  3.4D-01  5.514D-04  4.670D-01
  209  215     0     0  con    0  1.0D+00  1.3D-01  4.136D-04  4.670D-01
  210  216     0     0  con    0  1.0D+00  5.9D-01  4.180D-04  4.669D-01
  211  217     0     0  con    0  1.0D+00  3.0D-01  6.363D-04  4.668D-01
  212  218     0     0  con    0  1.0D+00  7.4D-02  4.606D-04  4.668D-01
  213  219     0     0  con    0  1.0D+00  1.7D-01  3.920D-04  4.667D-01
  214  220     0     0  con    0  1.0D+00  2.3D-01  4.339D-04  4.667D-01
  215  221     0     0  con    0  1.0D+00  5.8D-01  5.691D-04  4.665D-01
  216  223     0     0  con    1  1.5D-01  1.7D-01  5.663D-04  4.665D-01
  217  224     0     0  con    0  1.0D+00  4.6D-01  3.545D-04  4.664D-01
  218  225     0     0  con    0  1.0D+00  2.8D-01  3.721D-04  4.663D-01
  219  226     0     0  con    0  1.0D+00  2.7D-01  6.397D-04  4.662D-01
  220  227     0     0  con    0  1.0D+00  3.4D-01  8.039D-04  4.662D-01
  221  228     0     0  con    0  1.0D+00  9.5D-01  9.730D-04  4.660D-01
  222  229     0     0  con    0  1.0D+00  1.1D+00  1.694D-03  4.660D-01
  223  230     0     0  con    0  1.0D+00  2.6D-01  2.763D-04  4.658D-01
  224  231     0     0  con    0  1.0D+00  8.8D-02  2.573D-04  4.658D-01
  225  232     0     0  con    0  1.0D+00  1.1D-01  3.171D-04  4.658D-01
  226  233     0     0  con    0  1.0D+00  2.1D-01  4.251D-04  4.658D-01
  227  234     0     0  con    0  1.0D+00  5.1D-01  6.406D-04  4.657D-01
  228  235     0     0  con    0  1.0D+00  8.3D-01  8.960D-04  4.657D-01
  229  236     0     0  con    0  1.0D+00  1.5D-01  4.748D-04  4.656D-01
  230  237     0     0  con    0  1.0D+00  1.8D-01  3.123D-04  4.656D-01
  231  238     0     0  con    0  1.0D+00  1.5D-01  2.351D-04  4.656D-01
  232  239     0     0  con    0  1.0D+00  2.4D-01  3.193D-04  4.656D-01
  233  240     0     0  con    0  1.0D+00  2.8D-01  4.816D-04  4.656D-01
  234  241     0     0  con    0  1.0D+00  3.0D-02  3.872D-04  4.655D-01
  235  242     0     0  con    0  1.0D+00  9.0D-02  4.633D-04  4.655D-01
  236  243     0     0  con    0  1.0D+00  1.9D-01  7.707D-04  4.654D-01
  237  244     0     0  con    0  1.0D+00  5.3D-01  1.142D-03  4.652D-01
  238  245     0     0  con    0  1.0D+00  1.2D+00  1.594D-03  4.650D-01
  239  247     0     0  con    1  3.8D-01  8.8D-01  1.365D-03  4.648D-01
  240  248     0     0  con    0  1.0D+00  1.1D+00  8.296D-04  4.646D-01
  241  249     0     0  con    0  1.0D+00  3.5D-01  4.606D-04  4.645D-01
  242  250     0     0  con    0  1.0D+00  1.2D-01  4.648D-04  4.644D-01
  243  251     0     0  con    0  1.0D+00  1.3D-01  4.339D-04  4.644D-01
  244  252     0     0  con    0  1.0D+00  2.9D-01  5.634D-04  4.644D-01
  245  253     0     0  con    0  1.0D+00  2.7D-01  9.974D-04  4.643D-01
  246  254     0     0  con    0  1.0D+00  2.6D-01  1.092D-03  4.642D-01
  247  255     0     0  con    0  1.0D+00  7.5D-01  1.051D-03  4.640D-01
  248  256     0     0  con    0  1.0D+00  7.1D-01  8.316D-04  4.639D-01
  249  258     0     0  con    1  4.9D-01  5.3D-01  5.938D-04  4.638D-01
  250  259     0     0  con    0  1.0D+00  2.8D-01  2.374D-04  4.637D-01
  251  260     0     0  con    0  1.0D+00  1.5D-01  1.352D-04  4.637D-01
  252  261     0     0  con    0  1.0D+00  1.9D-01  2.072D-04  4.637D-01
  253  262     0     0  con    0  1.0D+00  2.6D-01  2.605D-04  4.637D-01
  254  263     0     0  con    0  1.0D+00  2.5D-01  2.282D-04  4.636D-01
  255  264     0     0  con    0  1.0D+00  2.9D-01  2.526D-04  4.636D-01
  256  265     0     0  con    0  1.0D+00  2.5D-01  4.135D-04  4.635D-01
  257  266     0     0  con    0  1.0D+00  4.3D-01  8.234D-04  4.634D-01
  258  267     0     0  con    0  1.0D+00  1.0D+00  1.190D-03  4.633D-01
  259  268     0     0  con    0  1.0D+00  1.5D+00  1.345D-03  4.630D-01
  260  269     0     0  con    0  1.0D+00  3.7D+00  1.625D-03  4.627D-01
  261  270     0     0  con    0  1.0D+00  1.1D+00  1.294D-03  4.622D-01
  262  271     0     0  con    0  1.0D+00  3.3D-01  7.617D-04  4.621D-01
  263  272     0     0  con    0  1.0D+00  2.8D-01  3.994D-04  4.620D-01
  264  273     0     0  con    0  1.0D+00  9.6D-02  3.465D-04  4.620D-01
  265  274     0     0  con    0  1.0D+00  7.6D-02  2.286D-04  4.620D-01
  266  275     0     0  con    0  1.0D+00  1.9D-01  1.799D-04  4.620D-01
  267  276     0     0  con    0  1.0D+00  1.6D-01  2.025D-04  4.620D-01
  268  277     0     0  con    0  1.0D+00  3.4D-01  3.824D-04  4.620D-01
  269  278     0     0  con    0  1.0D+00  1.4D-01  2.459D-04  4.619D-01
  270  279     0     0  con    0  1.0D+00  8.0D-02  1.575D-04  4.619D-01
  271  280     0     0  con    0  1.0D+00  8.1D-02  1.504D-04  4.619D-01
  272  281     0     0  con    0  1.0D+00  5.1D-02  1.959D-04  4.619D-01
  273  282     0     0  con    0  1.0D+00  1.5D-01  4.069D-04  4.619D-01
  274  283     0     0  con    0  1.0D+00  4.1D-01  7.003D-04  4.618D-01
  275  284     0     0  con    0  1.0D+00  9.5D-01  7.981D-04  4.617D-01
  276  285     0     0  con    0  1.0D+00  9.7D-01  6.740D-04  4.616D-01
  277  286     0     0  con    0  1.0D+00  6.2D-01  3.288D-04  4.615D-01
  278  287     0     0  con    0  1.0D+00  9.1D-02  1.874D-04  4.615D-01
  279  288     0     0  con    0  1.0D+00  1.1D-01  1.750D-04  4.615D-01
  280  289     0     0  con    0  1.0D+00  2.6D-01  3.370D-04  4.614D-01
  281  290     0     0  con    0  1.0D+00  2.8D-01  6.890D-04  4.614D-01
  282  291     0     0  con    0  1.0D+00  2.7D-01  7.619D-04  4.613D-01
  283  292     0     0  con    0  1.0D+00  7.4D-01  5.484D-04  4.612D-01
  284  293     0     0  con    0  1.0D+00  4.8D-01  9.415D-04  4.612D-01
  285  294     0     0  con    0  1.0D+00  2.0D-01  3.436D-04  4.611D-01
  286  295     0     0  con    0  1.0D+00  1.2D-01  3.467D-04  4.611D-01
  287  296     0     0  con    0  1.0D+00  2.3D-01  5.424D-04  4.610D-01
  288  297     0     0  con    0  1.0D+00  3.1D-01  5.477D-04  4.610D-01
  289  299     0     0  con    1  4.0D-01  2.8D-01  5.778D-04  4.609D-01
  290  300     0     0  con    0  1.0D+00  3.2D-01  2.899D-04  4.609D-01
  291  301     0     0  con    0  1.0D+00  1.8D-01  1.794D-04  4.609D-01
  292  302     0     0  con    0  1.0D+00  1.6D-01  2.588D-04  4.609D-01
  293  303     0     0  con    0  1.0D+00  2.3D-01  2.905D-04  4.608D-01
  294  304     0     0  con    0  1.0D+00  5.9D-01  2.890D-04  4.608D-01
  295  305     0     0  con    0  1.0D+00  5.6D-01  2.525D-04  4.608D-01
  296  306     0     0  con    0  1.0D+00  5.0D-02  1.658D-04  4.608D-01
  297  307     0     0  con    0  1.0D+00  1.5D-01  2.501D-04  4.608D-01
  298  308     0     0  con    0  1.0D+00  1.6D-01  3.676D-04  4.608D-01
  299  309     0     0  con    0  1.0D+00  6.2D-01  6.190D-04  4.607D-01
  300  310     0     0  con    0  1.0D+00  4.6D-01  6.870D-04  4.607D-01
  301  311     0     0  con    0  1.0D+00  6.4D-01  6.815D-04  4.606D-01
  302  312     0     0  con    0  1.0D+00  9.0D-01  9.904D-04  4.605D-01
  303  313     0     0  con    0  1.0D+00  2.2D-01  5.337D-04  4.605D-01
  304  314     0     0  con    0  1.0D+00  1.8D-01  2.692D-04  4.605D-01
  305  315     0     0  con    0  1.0D+00  5.3D-02  1.201D-04  4.604D-01
  306  316     0     0  con    0  1.0D+00  8.5D-02  1.965D-04  4.604D-01
  307  317     0     0  con    0  1.0D+00  1.8D-01  3.837D-04  4.604D-01
  308  318     0     0  con    0  1.0D+00  2.3D-01  4.918D-04  4.604D-01
  309  319     0     0  con    0  1.0D+00  3.5D-01  3.521D-04  4.603D-01
  310  321     0     0  con    1  4.0D-01  1.5D-01  3.187D-04  4.603D-01
  311  322     0     0  con    0  1.0D+00  1.1D-01  1.374D-04  4.603D-01
  312  323     0     0  con    0  1.0D+00  1.1D-01  2.235D-04  4.603D-01
  313  324     0     0  con    0  1.0D+00  1.9D-01  3.338D-04  4.603D-01
  314  325     0     0  con    0  1.0D+00  1.6D-01  3.637D-04  4.603D-01
  315  326     0     0  con    0  1.0D+00  6.8D-01  2.590D-04  4.602D-01
  316  327     0     0  con    0  1.0D+00  8.0D-01  4.069D-04  4.602D-01
  317  328     0     0  con    0  1.0D+00  1.3D-01  3.372D-04  4.602D-01
  318  329     0     0  con    0  1.0D+00  1.8D-01  4.792D-04  4.601D-01
  319  330     0     0  con    0  1.0D+00  4.2D-01  6.754D-04  4.601D-01
  320  331     0     0  con    0  1.0D+00  9.3D-01  7.953D-04  4.600D-01
  321  332     0     0  con    0  1.0D+00  2.4D+00  1.012D-03  4.599D-01
  322  333     0     0  con    0  1.0D+00  3.6D-01  6.179D-04  4.598D-01
  323  334     0     0  con    0  1.0D+00  4.4D-01  2.636D-04  4.597D-01
  324  335     0     0  con    0  1.0D+00  4.3D-01  1.189D-04  4.597D-01
  325  336     0     0  con    0  1.0D+00  8.2D-02  2.216D-04  4.597D-01
  326  337     0     0  con    0  1.0D+00  6.2D-02  1.585D-04  4.597D-01
  327  338     0     0  con    0  1.0D+00  1.2D-01  3.211D-04  4.597D-01
  328  339     0     0  con    0  1.0D+00  1.3D-01  4.937D-04  4.596D-01
  329  340     0     0  con    0  1.0D+00  3.3D-01  6.928D-04  4.595D-01
  330  341     0     0  con    0  1.0D+00  7.7D-01  1.581D-03  4.595D-01
  331  342     0     0  con    0  1.0D+00  3.1D-01  7.648D-04  4.594D-01
  332  343     0     0  con    0  1.0D+00  3.0D-01  4.201D-04  4.593D-01
  333  344     0     0  con    0  1.0D+00  2.7D-01  3.412D-04  4.592D-01
  334  345     0     0  con    0  1.0D+00  2.1D-01  4.122D-04  4.592D-01
  335  346     0     0  con    0  1.0D+00  4.6D-01  5.096D-04  4.591D-01
  336  347     0     0  con    0  1.0D+00  7.6D-01  5.815D-04  4.591D-01
  337  348     0     0  con    0  1.0D+00  1.5D+00  1.078D-03  4.591D-01
  338  349     0     0  con    0  1.0D+00  1.5D-01  1.846D-04  4.590D-01
  339  350     0     0  con    0  1.0D+00  1.1D-01  1.148D-04  4.590D-01
  340  351     0     0  con    0  1.0D+00  2.3D-02  1.575D-04  4.590D-01
  341  352     0     0  con    0  1.0D+00  4.5D-02  3.024D-04  4.590D-01
  342  353     0     0  con    0  1.0D+00  8.1D-02  3.566D-04  4.589D-01
  343  354     0     0  con    0  1.0D+00  3.2D-01  8.438D-04  4.589D-01
  344  355     0     0  con    0  1.0D+00  2.9D-01  8.435D-04  4.588D-01
  345  356     0     0  con    0  1.0D+00  8.3D-01  9.909D-04  4.586D-01
  346  357     0     0  con    0  1.0D+00  8.8D-01  6.505D-04  4.585D-01
  347  358     0     0  con    0  1.0D+00  4.1D-01  7.270D-04  4.584D-01
  348  359     0     0  con    0  1.0D+00  2.7D-01  4.827D-04  4.584D-01
  349  360     0     0  con    0  1.0D+00  5.8D-01  4.754D-04  4.583D-01
  350  361     0     0  con    0  1.0D+00  1.7D-01  3.093D-04  4.583D-01
  351  362     0     0  con    0  1.0D+00  9.4D-02  1.729D-04  4.583D-01
  352  363     0     0  con    0  1.0D+00  1.8D-01  2.348D-04  4.582D-01
  353  364     0     0  con    0  1.0D+00  2.4D-01  3.645D-04  4.582D-01
  354  365     0     0  con    0  1.0D+00  3.5D-01  4.323D-04  4.582D-01
  355  366     0     0  con    0  1.0D+00  1.6D+00  6.347D-04  4.581D-01
  356  367     0     0  con    0  1.0D+00  9.5D-01  4.978D-04  4.581D-01
  357  368     0     0  con    0  1.0D+00  1.9D-01  2.460D-04  4.581D-01
  358  369     0     0  con    0  1.0D+00  1.6D-02  1.441D-04  4.580D-01
  359  370     0     0  con    0  1.0D+00  1.0D-01  1.175D-04  4.580D-01
  360  371     0     0  con    0  1.0D+00  5.8D-02  1.874D-04  4.580D-01
  361  372     0     0  con    0  1.0D+00  2.2D-01  3.237D-04  4.580D-01
  362  373     0     0  con    0  1.0D+00  5.8D-01  6.658D-04  4.580D-01
  363  374     0     0  con    0  1.0D+00  5.3D-01  9.376D-04  4.579D-01
  364  375     0     0  con    0  1.0D+00  6.2D-01  8.523D-04  4.578D-01
  365  377     0     0  con    1  3.4D-01  2.5D-01  6.270D-04  4.577D-01
  366  378     0     0  con    0  1.0D+00  2.1D-01  2.472D-04  4.577D-01
  367  379     0     0  con    0  1.0D+00  4.5D-02  1.256D-04  4.577D-01
  368  380     0     0  con    0  1.0D+00  3.7D-02  8.880D-05  4.577D-01
  369  381     0     0  con    0  1.0D+00  3.9D-02  1.789D-04  4.577D-01
  370  382     0     0  con    0  1.0D+00  1.2D-01  3.126D-04  4.577D-01
  371  383     0     0  con    0  1.0D+00  2.3D-01  4.366D-04  4.576D-01
  372  384     0     0  con    0  1.0D+00  2.2D-01  3.935D-04  4.576D-01
  373  385     0     0  con    0  1.0D+00  1.6D-01  1.410D-04  4.576D-01
  374  387     0     0  con    1  5.1D-01  5.5D-02  1.543D-04  4.576D-01
  375  388     0     0  con    0  1.0D+00  5.1D-02  1.122D-04  4.576D-01
  376  389     0     0  con    0  1.0D+00  5.0D-02  1.523D-04  4.576D-01
  377  390     0     0  con    0  1.0D+00  2.4D-01  2.377D-04  4.576D-01
  378  391     0     0  con    0  1.0D+00  3.6D-01  3.915D-04  4.576D-01
  379  392     0     0  con    0  1.0D+00  2.2D-01  1.927D-04  4.575D-01
  380  393     0     0  con    0  1.0D+00  1.8D-01  7.070D-05  4.575D-01
  381  394     0     0  con    0  1.0D+00  3.9D-02  1.837D-04  4.575D-01
  382  395     0     0  con    0  1.0D+00  3.9D-02  2.009D-04  4.575D-01
  383  396     0     0  con    0  1.0D+00  1.1D-01  3.168D-04  4.575D-01
  384  397     0     0  con    0  1.0D+00  2.6D-01  5.245D-04  4.575D-01
  385  398     0     0  con    0  1.0D+00  5.2D-01  7.730D-04  4.574D-01
  386  399     0     0  con    0  1.0D+00  5.8D-01  7.727D-04  4.573D-01
  387  400     0     0  con    0  1.0D+00  4.6D-01  4.064D-04  4.573D-01
  388  401     0     0  con    0  1.0D+00  1.5D-01  4.011D-04  4.573D-01
  389  402     0     0  con    0  1.0D+00  1.6D-01  8.302D-05  4.572D-01
  390  403     0     0  con    0  1.0D+00  2.0D-02  8.714D-05  4.572D-01
  391  404     0     0  con    0  1.0D+00  6.0D-02  2.062D-04  4.572D-01
  392  405     0     0  con    0  1.0D+00  3.9D-02  2.797D-04  4.572D-01
  393  406     0     0  con    0  1.0D+00  1.3D-01  5.332D-04  4.572D-01
  394  407     0     0  con    0  1.0D+00  3.1D-01  7.753D-04  4.571D-01
  395  408     0     0  con    0  1.0D+00  5.5D-01  9.101D-04  4.570D-01
  396  409     0     0  con    0  1.0D+00  9.9D-01  6.987D-04  4.569D-01
  397  410     0     0  con    0  1.0D+00  4.5D-01  6.437D-04  4.569D-01
  398  411     0     0  con    0  1.0D+00  2.1D-01  1.200D-04  4.568D-01
  399  412     0     0  con    0  1.0D+00  7.2D-02  8.382D-05  4.568D-01
  400  413     0     0  con    0  1.0D+00  6.2D-02  8.722D-05  4.568D-01
  401  414     0     0  con    0  1.0D+00  8.1D-02  1.852D-04  4.568D-01
  402  415     0     0  con    0  1.0D+00  5.1D-02  1.936D-04  4.568D-01

STOP: TOTAL NO. of ITERATIONS EXCEEDS LIMIT                 

 Total User time 0.000E+00 seconds.

